

2015年12月31日  12:06


起算数据及中间过程---------------------------------------------------------------------

当前参数设置为：

    高程网等级：四等
    高程网类型：水准
    定权方式  ：距离

读入的水准网数据：已知点 4 个, 未知点 7 个, 观测值 12 个

计算涉及点名：A, B, C, D, 1, 2, 3, 4, 5, 6, 7

已知点的高程为：

    点A：140.3481
    点B：141.1703
    点C：142.6446
    点D：142.1671

各观测值分别为：

    起点   终点   高差观测值   距离观测值
    A      1      0.640        2.00
    1      2      0.262        1.00
    1      5      0.396        9.00
    2      3      0.201        2.00
    2      4      -0.142       7.00
    3      4      -0.342       6.00
    3      B      -0.353       1.00
    4      6      0.670        4.00
    5      6      0.394        2.00
    5      7      1.003        2.00
    6      D      0.380        3.00
    7      C      0.244        1.00





平差结果-------------------------------------------------------------------------------

    点号   初始高程值(m)   高程改正数(mm)   平差后高程(m)

    1      140.9881        22.09            141.0102
    2      141.2501        33.68            141.2838
    3      141.5233        -15.47           141.5078
    4      141.1813        -39.11           141.1422
    5      141.3976        3.70             141.4013
    6      141.7871        9.57             141.7967
    7      142.4006        1.23             142.4018

    单位权误差(mm)：10.9309

    ///////////////////////////////////////////////


    测段编号   初始高差观测值(m)   高差改正数(mm)   平差后高差(m)

    0          0.640               22.088           0.662
    1          0.262               11.588           0.274
    2          0.396               -4.892           0.391
    3          0.201               23.056           0.224
    4          -0.142              0.418            -0.142
    5          -0.342              -23.638          -0.366
    6          -0.353              15.468           -0.338
    7          0.670               -15.520          0.654
    8          0.394               1.377            0.395
    9          1.003               -2.464           1.001
    10         0.380               -9.574           0.370
    11         0.244               -1.232           0.243

    ///////////////////////////////////////////////

    误差方程 V(x) = B(x) + L：

    矩阵 B：                                矩阵 L：

    1   0   0   0   0   0   0               0.00
    -1   1   0   0   0   0   0              0.00
    -1   0   0   0   1   0   0              -13.50
    0   -1   1   0   0   0   0              -72.20
    0   -1   0   1   0   0   0              -73.20
    0   0   -1   1   0   0   0              0.00
    0   0   -1   0   0   0   0              0.00
    0   0   0   -1   0   1   0              64.20
    0   0   0   0   -1   1   0              4.50
    0   0   0   0   -1   0   1              0.00
    0   0   0   0   0   -1   0              0.00
    0   0   0   0   0   0   -1              0.00

    ///////////////////////////////////////////////

    法方程系数矩阵 N：

    1.611   -1.000   0.000   0.000   -0.111   0.000   0.000   

    -1.000   1.643   -0.500   -0.143   0.000   0.000   0.000   

    0.000   -0.500   1.667   -0.167   0.000   0.000   0.000   

    0.000   -0.143   -0.167   0.560   0.000   -0.250   0.000   

    -0.111   0.000   0.000   0.000   1.111   -0.500   -0.500   

    0.000   0.000   0.000   -0.250   -0.500   1.083   0.000   

    0.000   0.000   0.000   0.000   -0.500   0.000   1.500   


    法方程系数矩阵的逆矩阵 NN：

    1.143   0.815   0.283   0.381   0.240   0.198   0.080   

    0.815   1.289   0.443   0.564   0.218   0.231   0.073   

    0.283   0.443   0.774   0.408   0.110   0.145   0.037   

    0.381   0.564   0.408   2.391   0.446   0.758   0.149   

    0.240   0.218   0.110   0.446   1.511   0.800   0.504   

    0.198   0.231   0.145   0.758   0.800   1.467   0.267   

    0.080   0.073   0.037   0.149   0.504   0.267   0.835   



2015年12月31日  12:06


起算数据及中间过程---------------------------------------------------------------------

当前参数设置为：

    高程网等级：四等
    高程网类型：水准
    定权方式  ：距离

读入的水准网数据：已知点 2 个, 未知点 3 个, 观测值 7 个

计算涉及点名：A, B, X1, X2, X3

已知点的高程为：

    点A：5.0000
    点B：6.0000

各观测值分别为：

    起点   终点   高差观测值   距离观测值
    A      X1     1.359        1.00
    A      X2     2.009        1.00
    B      X1     0.363        2.00
    X3     B      0.640        2.00
    X1     X2     0.657        1.00
    X3     X1     1.000        1.00
    X3     X2     1.650        1.50





平差结果-------------------------------------------------------------------------------

    点号   初始高程值(m)   高程改正数(mm)   平差后高程(m)

    X1     6.3590          -0.41            6.3586
    X2     7.0090          2.69             7.0117
    X3     5.3590          0.87             5.3599

    单位权误差(mm)：2.0054

    ///////////////////////////////////////////////


    测段编号   初始高差观测值(m)   高差改正数(mm)   平差后高差(m)

    0          1.359               -0.413           1.359
    1          2.009               2.687            2.012
    2          0.363               -4.413           0.359
    3          0.640               0.133            0.640
    4          0.657               -3.900           0.653
    5          1.000               -1.280           0.999
    6          1.650               1.820            1.652

    ///////////////////////////////////////////////

    误差方程 V(x) = B(x) + L：

    矩阵 B：                                矩阵 L：

    1   0   0                               0.00
    0   1   0                               0.00
    1   0   0                               4.00
    0   0   -1                              -1.00
    -1   1   0                              7.00
    1   0   -1                              0.00
    0   1   -1                              0.00

    ///////////////////////////////////////////////

    法方程系数矩阵 N：

    3.500   -1.000   -1.000   

    -1.000   2.667   -0.667   

    -1.000   -0.667   2.167   


    法方程系数矩阵的逆矩阵 NN：

    0.427   0.227   0.267   

    0.227   0.527   0.267   

    0.267   0.267   0.667   

